 1.5 1.5 0.0

 0

 2
 16.5 7.5
 22.5 1.5

 24 24
 1 1 1 1 1 1 1 1 1 1 1 1 1 1 1 1 1 1 1 1 1 1 1 1  
 8 0 0 0 0 0 0 0 0 0 0 0 0 0 0 0 0 0 0 0 0 0 0 1  
 1 0 0 0 0 0 0 0 0 0 0 0 0 0 0 0 0 0 0 0 0 0 0 1  
 1 1 1 1 1 1 1 1 1 1 1 0 0 2 2 2 2 2 2 2 2 2 0 1  
 1 0 0 0 0 0 0 0 0 0 1 0 0 2 0 0 0 0 0 0 0 2 0 1  
 1 0 0 0 0 0 0 0 0 0 1 0 0 2 0 0 0 0 0 0 0 2 0 1  
 1 0 0 1 0 0 0 0 0 0 1 0 0 2 0 0 0 0 0 0 0 2 0 1  
 1 0 0 1 0 0 0 0 0 0 1 0 0 2 0 0 0 0 0 0 0 2 0 1  
 1 0 0 1 0 0 0 0 0 0 1 0 0 2 0 0 0 0 0 0 0 2 0 1  
 1 0 0 1 0 0 0 0 0 0 1 0 0 2 0 0 0 0 0 0 0 2 0 1  
 1 0 0 1 0 0 0 0 0 0 1 0 0 2 0 0 0 0 0 0 0 2 0 1  
 1 0 0 1 0 0 0 0 0 0 1 0 0 2 0 0 0 0 0 0 0 2 0 1  
 1 0 0 1 0 0 0 0 0 0 1 0 0 2 0 0 0 0 0 0 0 2 0 1  
 1 0 0 1 0 0 0 0 0 0 1 0 0 6 0 0 0 0 0 0 0 2 0 1  
 1 0 0 1 0 0 0 0 0 0 1 0 0 2 0 0 0 0 0 0 0 2 0 1  
 1 0 0 1 0 0 0 0 0 0 1 0 0 2 0 0 0 0 0 0 0 2 0 1  
 1 0 0 1 0 0 0 0 0 0 1 0 0 2 0 0 0 0 0 0 0 2 0 1  
 1 0 0 1 0 0 0 0 0 0 1 0 0 2 0 0 0 0 0 0 0 2 0 1  
 1 0 0 1 0 0 0 0 0 0 1 0 0 2 2 2 2 6 2 2 2 2 0 1  
 1 0 0 1 1 1 1 1 7 1 1 0 0 0 0 0 0 0 0 0 0 0 0 1  
 1 0 0 1 1 1 1 1 1 1 1 1 1 1 1 1 1 1 1 1 1 1 0 1  
 1 0 0 0 0 0 0 0 0 0 0 0 0 0 0 0 0 0 0 0 0 0 0 1  
 1 0 0 0 0 0 0 0 0 0 0 0 0 0 0 0 0 0 0 0 0 0 0 1  
 1 1 1 1 1 1 1 1 1 1 1 1 1 1 1 1 1 1 1 1 1 1 1 1 
